0 4448
1 4449
1 4450
2 4449
2 4450
2 4451
3 4449
3 4450
3 4451
3 4452
4 4451
4 4452
4 4453
4 4454
5 4452
5 4453
5 4454
5 4455
6 4453
6 4454
6 4455
6 4456
7 4454
7 4455
7 4456
7 4457
8 4455
8 4456
8 4457
8 4458
9 4457
9 4458
9 4459
10 4458
10 4459
10 4460
11 4459
11 4460
11 4461
12 4460
12 4461
12 4462
13 4461
13 4462
13 4463
14 4462
14 4463
14 4464
15 4463
15 4464
15 4465
16 4464
16 4465
16 4466
17 4465
17 4466
17 4467
18 4466
18 4467
18 4468
19 4467
19 4468
19 4469
20 4468
20 4469
20 4470
21 4469
21 4470
21 4471
22 4470
22 4471
22 4472
23 4471
23 4472
23 4473
24 4472
24 4473
24 4474
25 4473
25 4474
25 4475
26 4474
26 4475
26 4476
27 4475
27 4476
27 4477
28 4476
28 4477
29 4477
29 4478
30 4477
30 4478
30 4479
31 4478
31 4479
31 4480
32 4479
32 4480
32 4481
33 4480
33 4481
33 4482
34 4481
34 4482
34 4483
35 4482
35 4483
35 4484
36 4483
36 4484
36 4485
37 4484
37 4485
37 4486
38 4485
38 4486
39 4486
39 4487
40 4487
40 4488
41 4488
41 4489
42 4489
42 4490
43 4489
43 4490
43 4491
44 4490
44 4491
44 4492
45 4491
45 4492
45 4493
46 4492
46 4493
46 4494
47 4493
47 4494
47 4495
48 4494
48 4495
48 4496
49 4495
49 4496
49 4497
50 4496
50 4497
51 4497
51 4498
52 4498
52 4499
53 4498
53 4499
53 4500
54 4499
54 4500
54 4501
55 4500
55 4501
55 4502
56 4501
56 4502
56 4503
57 4502
57 4503
58 4503
58 4504
59 4504
59 4505
60 4504
60 4505
60 4506
61 4505
61 4506
61 4507
62 4506
62 4507
62 4508
63 4507
63 4508
64 4508
64 4509
65 4508
65 4509
65 4510
66 4509
66 4510
66 4511
67 4510
67 4511
68 4511
68 4512
69 4512
69 4513
70 4512
70 4513
70 4514
71 4513
71 4514
72 4514
72 4515
73 4514
73 4515
73 4516
74 4515
74 4516
74 4517
75 4516
75 4517
76 4516
76 4517
76 4518
77 4517
77 4518
78 4518
78 4519
79 4518
79 4519
79 4520
80 4519
80 4520
81 4520
81 4521
82 4520
82 4521
83 4521
83 4522
84 4521
84 4522
84 4523
85 4522
85 4523
86 4522
86 4523
86 4524
87 4523
87 4524
88 4523
88 4524
88 4525
89 4524
89 4525
90 4524
90 4525
90 4526
91 4525
91 4526
92 4525
92 4526
93 4525
93 4526
93 4527
94 4526
94 4527
95 4526
95 4527
95 4528
96 4527
96 4528
97 4527
97 4528
97 4529
98 4527
98 4528
98 4529
99 4528
99 4529
100 4528
100 4529
100 4530
101 4528
101 4529
101 4530
128 1574
128 1575
129 1575
129 1576
130 1575
130 1576
130 1577
131 1576
131 1577
131 1578
132 1577
132 1578
132 1579
133 1578
133 1579
134 1579
134 1580
135 1579
135 1580
135 1581
136 1580
136 1581
136 1582
137 1581
137 1582
137 1583
138 1582
138 1583
138 1584
139 1583
139 1584
139 1585
140 1584
140 1585
140 1586
141 1585
141 1586
141 1587
142 1586
142 1587
142 1588
143 1587
143 1588
143 1589
144 1588
144 1589
144 1590
145 1589
145 1590
145 1591
146 1590
146 1591
146 1592
147 1591
147 1592
147 1593
148 1592
148 1593
148 1594
149 1593
149 1594
150 1593
150 1594
150 1595
151 1594
151 1595
151 1596
152 1595
152 1596
152 1597
153 1596
153 1597
153 1598
154 1597
154 1598
154 1599
155 1598
155 1599
155 1600
156 1599
156 1600
156 1601
157 1600
157 1601
157 1602
158 1601
158 1602
158 1603
159 1602
159 1603
159 1604
160 1603
160 1604
160 1605
161 1604
161 1605
161 1606
162 1605
162 1606
162 1607
163 1606
163 1607
163 1608
164 1607
164 1608
164 1609
165 1608
165 1609
165 1610
166 1609
166 1610
166 1611
167 1610
167 1611
167 1612
168 1611
168 1612
168 1613
169 1612
169 1613
170 1613
170 1614
171 1614
171 1615
172 1614
172 1615
172 1616
173 1615
173 1616
173 1617
174 1616
174 1617
174 1618
175 1617
175 1618
175 1619
176 1618
176 1619
176 1620
177 1619
177 1620
177 1621
178 1620
178 1621
178 1622
179 1621
179 1622
180 1621
180 1622
180 1623
181 1622
181 1623
181 1624
182 1623
182 1624
182 1625
183 1624
183 1625
184 1625
184 1626
185 1625
185 1626
185 1627
186 1626
186 1627
186 1628
187 1627
187 1628
188 1628
188 1629
189 1628
189 1629
189 1630
190 1629
190 1630
191 1629
191 1630
191 1631
192 1630
192 1631
193 1631
193 1632
194 1631
194 1632
194 1633
195 1632
195 1633
196 1632
196 1633
196 1634
197 1633
197 1634
390 2445
391 2445
391 2446
391 3396
392 2445
392 2446
392 2447
392 3396
392 3397
392 3398
393 2445
393 2446
393 2447
393 2448
393 3396
393 3397
393 3398
393 3399
394 2446
394 2447
394 2448
394 2449
394 3396
394 3397
394 3398
394 3399
394 3400
395 2447
395 2448
395 2449
395 2450
395 3397
395 3398
395 3399
395 3400
395 3401
396 2448
396 2449
396 2450
396 2451
396 3398
396 3399
396 3400
396 3401
396 3402
396 3403
397 2449
397 2450
397 2451
397 2452
397 3399
397 3400
397 3401
397 3402
397 3403
397 3404
398 2450
398 2451
398 2452
398 2453
398 3401
398 3402
398 3403
398 3404
398 3405
399 2451
399 2452
399 2453
399 2454
399 3402
399 3403
399 3404
399 3405
399 3406
400 2451
400 2452
400 2453
400 2454
400 3403
400 3404
400 3405
400 3406
400 3407
401 2452
401 2453
401 2454
401 2455
401 3404
401 3405
401 3406
401 3407
401 3408
401 3409
402 2453
402 2454
402 2455
402 2456
402 3405
402 3406
402 3407
402 3408
402 3409
402 3410
403 2454
403 2455
403 2456
403 2457
403 3406
403 3407
403 3408
403 3409
403 3410
403 3411
404 2455
404 2456
404 2457
404 2458
404 3407
404 3408
404 3409
404 3410
404 3411
404 3412
405 2455
405 2456
405 2457
405 2458
405 3408
405 3409
405 3410
405 3411
405 3412
405 3413
406 2456
406 2457
406 2458
406 2459
406 3409
406 3410
406 3411
406 3412
406 3413
406 3414
407 2457
407 2458
407 2459
407 2460
407 3410
407 3411
407 3412
407 3413
407 3414
408 2457
408 2458
408 2459
408 2460
408 3411
408 3412
408 3413
408 3414
408 3415
409 2458
409 2459
409 2460
409 2461
409 3412
409 3413
409 3414
409 3415
409 3416
410 2459
410 2460
410 2461
410 3413
410 3414
410 3415
410 3416
410 3417
411 2459
411 2460
411 2461
411 2462
411 3414
411 3415
411 3416
411 3417
411 3418
412 2460
412 2461
412 2462
412 2463
412 3415
412 3416
412 3417
412 3418
412 3419
413 2461
413 2462
413 2463
413 3416
413 3417
413 3418
413 3419
413 3420
414 2461
414 2462
414 2463
414 2464
414 3416
414 3417
414 3418
414 3419
414 3420
414 3421
415 3417
415 3418
415 3419
415 3420
415 3421
415 3422
416 3418
416 3419
416 3420
416 3421
416 3422
416 3423
417 3419
417 3420
417 3421
417 3422
417 3423
417 3424
418 3420
418 3421
418 3422
418 3423
418 3424
418 3425
419 3421
419 3422
419 3423
419 3424
419 3425
419 3426
420 3422
420 3423
420 3424
420 3425
420 3426
420 3427
421 3422
421 3423
421 3424
421 3425
421 3426
421 3427
421 3428
422 3423
422 3424
422 3425
422 3426
422 3427
422 3428
422 3429
423 3424
423 3425
423 3426
423 3427
423 3428
423 3429
423 3430
424 3425
424 3426
424 3427
424 3428
424 3429
424 3430
424 3431
425 3426
425 3427
425 3428
425 3429
425 3430
425 3431
426 3427
426 3428
426 3429
426 3430
426 3431
426 3432
427 3428
427 3429
427 3430
427 3431
427 3432
427 3433
428 3429
428 3430
428 3431
428 3432
428 3433
428 3434
429 3430
429 3431
429 3432
429 3433
429 3434
429 3435
430 3431
430 3432
430 3433
430 3434
430 3435
430 3436
431 3432
431 3433
431 3434
431 3435
431 3436
431 3437
432 3433
432 3434
432 3435
432 3436
432 3437
432 3438
433 3434
433 3435
433 3436
433 3437
433 3438
434 3435
434 3436
434 3437
434 3438
434 3439
435 3436
435 3437
435 3438
435 3439
435 3440
436 3437
436 3438
436 3439
436 3440
436 3441
437 3438
437 3439
437 3440
437 3441
437 3442
438 3439
438 3440
438 3441
438 3442
438 3443
439 3440
439 3441
439 3442
439 3443
439 3444
440 3441
440 3442
440 3443
440 3444
440 3445
441 3442
441 3443
441 3444
441 3445
441 3446
442 3443
442 3444
442 3445
442 3446
442 3447
443 3444
443 3445
443 3446
443 3447
443 3448
444 3445
444 3446
444 3447
444 3448
444 3449
445 3446
445 3447
445 3448
445 3449
446 3447
446 3448
446 3449
446 3450
447 3448
447 3449
447 3450
447 3451
448 3449
448 3450
448 3451
448 3452
449 3450
449 3451
449 3452
449 3453
450 3451
450 3452
450 3453
450 3454
451 3452
451 3453
451 3454
451 3455
452 3453
452 3454
452 3455
452 3456
453 3454
453 3455
453 3456
453 3457
454 3455
454 3456
454 3457
454 3458
455 3456
455 3457
455 3458
455 3459
456 3457
456 3458
456 3459
457 3458
457 3459
457 3460
458 3459
458 3460
458 3461
459 3460
459 3461
459 3462
460 3461
460 3462
460 3463
461 3462
461 3463
461 3464
462 3463
462 3464
462 3465
463 3464
463 3465
463 3466
464 3465
464 3466
464 3467
465 3466
465 3467
465 3468
466 3467
466 3468
467 3468
467 3469
468 3469
468 3470
469 3470
469 3471
470 3470
470 3471
470 3472
471 3471
471 3472
471 3473
472 3472
472 3473
473 3473
473 3474
474 3474
474 3475
475 3475
475 3476
476 3475
476 3476
476 3477
477 3476
477 3477
478 3477
478 3478
479 3478
479 3479
480 3478
480 3479
480 3480
481 3479
481 3480
481 3481
482 3480
482 3481
483 3481
483 3482
484 3482
484 3483
485 3482
485 3483
485 3484
486 3483
486 3484
486 3485
487 3484
487 3485
488 3485
488 3486
489 3485
489 3486
489 3487
490 3486
490 3487
490 3488
491 3487
491 3488
491 3489
492 3488
492 3489
493 3488
493 3489
493 3490
494 3489
494 3490
494 3491
495 3490
495 3491
495 3492
496 3491
496 3492
497 3492
497 3493
498 3492
498 3493
498 3494
499 3493
499 3494
499 3495
500 3494
500 3495
500 3496
501 3495
501 3496
502 3495
502 3496
502 3497
503 3496
503 3497
503 3498
504 3497
504 3498
504 3499
505 3498
505 3499
505 3500
506 3498
506 3499
506 3500
507 3499
507 3500
507 3501
508 3500
508 3501
508 3502
509 3500
509 3501
509 3502
509 3503
510 3501
510 3502
510 3503
511 3502
511 3503
511 3504
512 3503
512 3504
512 3505
513 3503
513 3504
513 3505
513 3506
514 3504
514 3505
514 3506
514 3507
515 3505
515 3506
515 3507
516 3505
516 3506
516 3507
516 3508
517 3506
517 3507
517 3508
517 3509
518 3507
518 3508
518 3509
518 3510
519 3507
519 3508
519 3509
519 3510
519 3511
520 3508
520 3509
520 3510
520 3511
521 3509
521 3510
521 3511
521 3512
522 3509
522 3510
522 3511
522 3512
522 3513
523 3510
523 3511
523 3512
523 3513
523 3514
524 3511
524 3512
524 3513
524 3514
524 3515
525 3511
525 3512
525 3513
525 3514
525 3515
525 3516
526 3512
526 3513
526 3514
526 3515
526 3516
526 3517
527 3512
527 3513
527 3514
527 3515
527 3516
527 3517
527 3518
528 3513
528 3514
528 3515
528 3516
528 3517
528 3518
528 3519
529 3513
529 3514
529 3515
529 3516
529 3517
529 3518
529 3519
529 3520
530 3514
530 3515
530 3516
530 3517
530 3518
530 3519
530 3520
530 3521
531 3515
531 3516
531 3517
531 3518
531 3519
531 3520
531 3521
531 3522
532 3515
532 3516
532 3517
532 3518
532 3519
532 3520
532 3521
532 3522
532 3523
533 3515
533 3516
533 3517
533 3518
533 3519
533 3520
533 3521
533 3522
533 3523
534 3516
534 3517
534 3518
534 3519
534 3520
534 3521
534 3522
534 3523
534 3524
535 3516
535 3517
535 3518
535 3519
535 3520
535 3521
535 3522
535 3523
535 3524
535 3525
536 3516
536 3517
536 3518
536 3519
536 3520
536 3521
536 3522
536 3523
536 3524
536 3525
537 3517
537 3518
537 3519
537 3520
537 3521
537 3522
537 3523
537 3524
537 3525
537 3526
538 3517
538 3518
538 3519
538 3520
538 3521
538 3522
538 3523
538 3524
538 3525
538 3526
539 3517
539 3518
539 3519
539 3520
539 3521
539 3522
539 3523
539 3524
539 3525
539 3526
540 3517
540 3518
540 3519
540 3520
540 3521
540 3522
540 3523
540 3524
540 3525
540 3526
541 3517
541 3518
541 3519
541 3520
541 3521
541 3522
541 3523
541 3524
541 3525
541 3526
541 3527
542 3517
542 3518
542 3519
542 3520
542 3521
542 3522
542 3523
542 3524
542 3525
542 3526
542 3527
543 3517
543 3518
543 3519
543 3520
543 3521
543 3522
543 3523
543 3524
543 3525
543 3526
543 3527
544 3517
544 3518
544 3519
544 3520
544 3521
544 3522
544 3523
544 3524
544 3525
544 3526
544 3527
545 3517
545 3518
545 3519
545 3520
545 3521
545 3522
545 3523
545 3524
545 3525
545 3526
545 3527
546 3517
546 3518
546 3519
546 3520
546 3521
546 3522
546 3523
546 3524
546 3525
546 3526
546 3527
547 3517
547 3518
547 3519
547 3520
547 3521
547 3522
547 3523
547 3524
547 3525
547 3526
547 3527
548 3517
548 3518
548 3519
548 3520
548 3521
548 3522
548 3523
548 3524
548 3525
548 3526
548 3527
549 3517
549 3518
549 3519
549 3520
549 3521
549 3522
549 3523
549 3524
549 3525
549 3526
549 3527
550 3517
550 3518
550 3519
550 3520
550 3521
550 3522
550 3523
550 3524
550 3525
550 3526
550 3527
551 3517
551 3518
551 3519
551 3520
551 3521
551 3522
551 3523
551 3524
551 3525
551 3526
551 3527
552 3517
552 3518
552 3519
552 3520
552 3521
552 3522
552 3523
552 3524
552 3525
552 3526
552 3527
553 3517
553 3518
553 3519
553 3520
553 3521
553 3522
553 3523
553 3524
553 3525
553 3526
553 3527
554 3517
554 3518
554 3519
554 3520
554 3521
554 3522
554 3523
554 3524
554 3525
554 3526
554 3527
555 3518
555 3519
555 3520
555 3521
555 3522
555 3523
555 3524
555 3525
555 3526
555 3527
556 3518
556 3519
556 3520
556 3521
556 3522
556 3523
556 3524
556 3525
556 3526
556 3527
557 3518
557 3519
557 3520
557 3521
557 3522
557 3523
557 3524
557 3525
557 3526
557 3527
558 3518
558 3519
558 3520
558 3521
558 3522
558 3523
558 3524
558 3525
558 3526
558 3527
559 3518
559 3519
559 3520
559 3521
559 3522
559 3523
559 3524
559 3525
559 3526
559 3527
559 3528
560 3518
560 3519
560 3520
560 3521
560 3522
560 3523
560 3524
560 3525
560 3526
560 3527
560 3528
561 3518
561 3519
561 3520
561 3521
561 3522
561 3523
561 3524
561 3525
561 3526
561 3527
561 3528
562 3518
562 3519
562 3520
562 3521
562 3522
562 3523
562 3524
562 3525
562 3526
562 3527
562 3528
562 3529
563 3519
563 3520
563 3521
563 3522
563 3523
563 3524
563 3525
563 3526
563 3527
563 3528
563 3529
564 3519
564 3520
564 3521
564 3522
564 3523
564 3524
564 3525
564 3526
564 3527
564 3528
564 3529
564 3530
565 3520
565 3521
565 3522
565 3523
565 3524
565 3525
565 3526
565 3527
565 3528
565 3529
565 3530
566 3520
566 3521
566 3522
566 3523
566 3524
566 3525
566 3526
566 3527
566 3528
566 3529
566 3530
566 3531
567 3521
567 3522
567 3523
567 3524
567 3525
567 3526
567 3527
567 3528
567 3529
567 3530
567 3531
567 3532
568 3522
568 3523
568 3524
568 3525
568 3526
568 3527
568 3528
568 3529
568 3530
568 3531
568 3532
568 3533
569 3522
569 3523
569 3524
569 3525
569 3526
569 3527
569 3528
569 3529
569 3530
569 3531
569 3532
569 3533
569 3534
570 3523
570 3524
570 3525
570 3526
570 3527
570 3528
570 3529
570 3530
570 3531
570 3532
570 3533
570 3534
570 3535
571 3524
571 3525
571 3526
571 3527
571 3528
571 3529
571 3530
571 3531
571 3532
571 3533
571 3534
571 3535
571 3536
572 3526
572 3527
572 3528
572 3529
572 3530
572 3531
572 3532
572 3533
572 3534
572 3535
572 3536
572 3537
573 3527
573 3528
573 3529
573 3530
573 3531
573 3532
573 3533
573 3534
573 3535
573 3536
573 3537
574 3528
574 3529
574 3530
574 3531
574 3532
574 3533
574 3534
574 3535
574 3536
574 3537
574 3538
575 3529
575 3530
575 3531
575 3532
575 3533
575 3534
575 3535
575 3536
575 3537
575 3538
575 3539
576 3530
576 3531
576 3532
576 3533
576 3534
576 3535
576 3536
576 3537
576 3538
576 3539
576 3540
577 3532
577 3533
577 3534
577 3535
577 3536
577 3537
577 3538
577 3539
577 3540
577 3541
578 3533
578 3534
578 3535
578 3536
578 3537
578 3538
578 3539
578 3540
578 3541
578 3542
579 3535
579 3536
579 3537
579 3538
579 3539
579 3540
579 3541
579 3542
580 3536
580 3537
580 3538
580 3539
580 3540
580 3541
580 3542
580 3543
581 3537
581 3538
581 3539
581 3540
581 3541
581 3542
581 3543
581 3544
582 3538
582 3539
582 3540
582 3541
582 3542
582 3543
582 3544
582 3545
583 3539
583 3540
583 3541
583 3542
583 3543
583 3544
583 3545
583 3546
584 3540
584 3541
584 3542
584 3543
584 3544
584 3545
584 3546
584 3547
585 3541
585 3542
585 3543
585 3544
585 3545
585 3546
585 3547
586 3542
586 3543
586 3544
586 3545
586 3546
586 3547
586 3548
587 3543
587 3544
587 3545
587 3546
587 3547
587 3548
587 3549
588 3545
588 3546
588 3547
588 3548
588 3549
588 3550
589 3546
589 3547
589 3548
589 3549
589 3550
589 3551
590 3547
590 3548
590 3549
590 3550
590 3551
590 3552
591 3548
591 3549
591 3550
591 3551
591 3552
591 3553
592 3549
592 3550
592 3551
592 3552
592 3553
593 3550
593 3551
593 3552
593 3553
593 3554
594 3551
594 3552
594 3553
594 3554
594 3555
595 3552
595 3553
595 3554
595 3555
595 3556
596 3553
596 3554
596 3555
596 3556
596 3557
597 3554
597 3555
597 3556
597 3557
597 3558
598 3555
598 3556
598 3557
598 3558
598 3559
599 3556
599 3557
599 3558
599 3559
600 3557
600 3558
600 3559
600 3560
601 3558
601 3559
601 3560
601 3561
602 3559
602 3560
602 3561
602 3562
603 3560
603 3561
603 3562
603 3563
604 3561
604 3562
604 3563
604 3564
605 3562
605 3563
605 3564
605 3565
606 3563
606 3564
606 3565
607 3564
607 3565
607 3566
608 3565
608 3566
608 3567
609 3566
609 3567
609 3568
610 3567
610 3568
610 3569
611 3568
611 3569
611 3570
612 3569
612 3570
612 3571
613 3569
613 3570
613 3571
614 3570
614 3571
614 3572
615 3571
615 3572
615 3573
616 3572
616 3573
616 3574
617 3573
617 3574
617 3575
618 3574
618 3575
618 3576
619 3575
619 3576
619 3577
620 3576
620 3577
621 3577
621 3578
622 3577
622 3578
622 3579
623 3578
623 3579
623 3580
624 3579
624 3580
624 3581
625 3580
625 3581
625 3582
626 3581
626 3582
627 3582
627 3583
628 3583
628 3584
629 3584
629 3585
630 3584
630 3585
630 3586
631 3585
631 3586
631 3587
632 3586
632 3587
633 3587
633 3588
634 3588
634 3589
635 3589
635 3590
636 3590
636 3591
637 3590
637 3591
637 3592
638 3591
638 3592
638 3593
639 3592
639 3593
640 3593
640 3594
641 3594
641 3595
642 3595
642 3596
643 3596
643 3597
644 3596
644 3597
644 3598
645 3597
645 3598
645 3599
646 3598
646 3599
647 3599
647 3600
648 3600
648 3601
649 3601
649 3602
650 3601
650 3602
650 3603
651 3602
651 3603
652 3603
652 3604
653 3604
653 3605
654 3605
654 3606
655 3606
655 3607
656 3606
656 3607
656 3608
657 3607
657 3608
658 3608
658 3609
659 3609
659 3610
660 3610
660 3611
661 3610
661 3611
661 3612
662 3611
662 3612
663 3612
663 3613
664 3613
664 3614
665 3614
665 3615
666 3614
666 3615
666 3616
667 3615
667 3616
668 3616
668 3617
669 3617
669 3618
670 3618
670 3619
671 3619
671 3620
672 3619
672 3620
672 3621
673 3620
673 3621
674 3621
674 3622
675 3622
675 3623
676 3623
676 3624
677 3624
677 3625
678 3624
678 3625
678 3626
679 3625
679 3626
679 3627
680 3626
680 3627
681 3627
681 3628
682 3628
682 3629
683 3629
683 3630
684 3630
684 3631
685 3630
685 3631
685 3632
686 3631
686 3632
686 3633
687 3632
687 3633
688 3633
688 3634
689 3634
689 3635
690 3635
690 3636
691 3636
691 3637
692 3636
692 3637
692 3638
693 3637
693 3638
693 3639
694 3638
694 3639
695 3639
695 3640
696 3640
696 3641
697 3641
697 3642
698 3642
698 3643
699 3642
699 3643
699 3644
700 3643
700 3644
700 3645
701 3644
701 3645
701 3646
702 3645
702 3646
702 3647
703 3646
703 3647
704 3647
704 3648
705 3648
705 3649
706 3648
706 3649
706 3650
707 3649
707 3650
707 3651
708 3650
708 3651
708 3652
709 3651
709 3652
709 3653
710 3652
710 3653
710 3654
711 3652
711 3653
711 3654
712 3653
712 3654
712 3655
713 3654
713 3655
713 3656
714 3655
714 3656
714 3657
715 3656
715 3657
715 3658
716 3656
716 3657
716 3658
717 3657
717 3658
717 3659
718 3658
718 3659
718 3660
719 3658
719 3659
719 3660
719 3661
720 3659
720 3660
720 3661
720 3662
721 3660
721 3661
721 3662
722 3661
722 3662
722 3663
723 3661
723 3662
723 3663
723 3664
724 3662
724 3663
724 3664
724 3665
725 3663
725 3664
725 3665
726 3663
726 3664
726 3665
726 3666
727 3664
727 3665
727 3666
727 3667
728 3665
728 3666
728 3667
728 3668
729 3666
729 3667
729 3668
730 3667
730 3668
730 3669
731 3668
731 3669
731 3670
732 3669
732 3670
733 3670
758 3699
759 3699
759 3700
760 3700
760 3701
761 3701
761 3702
762 3702
762 3703
763 3703
763 3704
764 3704
764 3705
765 3704
765 3705
765 3706
766 3705
766 3706
767 3706
767 3707
768 3707
768 3708
769 3708
769 3709
770 3709
770 3710
771 3710
771 3711
772 3711
772 3712
773 3711
773 3712
773 3713
774 3712
774 3713
774 3714
775 3713
775 3714
776 3714
776 3715
777 3715
777 3716
778 3716
778 3717
779 3717
779 3718
780 3718
780 3719
781 3719
781 3720
782 3720
782 3721
783 3720
783 3721
783 3722
784 3721
784 3722
785 3722
785 3723
786 3723
786 3724
787 3724
787 3725
788 3725
788 3726
789 3726
789 3727
790 3727
790 3728
791 3727
791 3728
792 3728
792 3729
793 3729
793 3730
794 3730
794 3731
795 3731
795 3732
796 3732
796 3733
797 3732
797 3733
798 3733
798 3734
799 3734
799 3735
800 3735
800 3736
801 3736
801 3737
802 3737
803 3737
803 3738
804 3738
804 3739
805 3739
805 3740
806 3740
806 3741
807 3741
807 3742
808 3741
808 3742
809 3742
809 3743
810 3743
810 3744
811 3744
811 3745
812 3745
812 3746
813 3746
813 3747
814 3746
814 3747
815 3747
815 3748
816 3748
816 3749
817 3749
817 3750
818 3750
818 3751
819 3750
819 3751
819 3752
820 3751
820 3752
821 3752
821 3753
822 3753
822 3754
823 3754
823 3755
824 3755
824 3756
825 3755
825 3756
825 3757
826 3756
826 3757
826 3758
827 3757
827 3758
828 3758
828 3759
829 3758
829 3759
829 3760
830 3759
830 3760
830 3761
831 3760
831 3761
832 3761
832 3762
833 3761
833 3762
833 3763
834 3762
834 3763
835 3763
835 3764
836 3763
836 3764
836 3765
837 3764
837 3765
838 3765
838 3766
839 3765
839 3766
839 3767
840 3766
840 3767
841 3767
841 3768
842 3767
842 3768
842 3769
843 3768
843 3769
844 3769
844 3770
845 3770
845 3771
846 3770
846 3771
846 3772
847 3771
847 3772
848 3772
848 3773
849 3772
849 3773
849 3774
850 3773
850 3774
851 3774
851 3775
852 3774
852 3775
852 3776
853 3775
853 3776
854 3776
854 3777
855 3777
855 3778
856 3777
856 3778
856 3779
857 3778
857 3779
858 3779
858 3780
859 3780
859 3781
860 3780
860 3781
861 3781
861 3782
862 3782
862 3783
863 3783
863 3784
864 3784
864 3785
865 3784
865 3785
866 3785
866 3786
867 3786
867 3787
868 3787
868 3788
869 3788
870 3788
870 3789
871 3789
871 3790
872 3790
872 3791
873 3791
873 3792
874 3792
874 3793
875 3792
875 3793
876 3793
876 3794
877 3794
877 3795
878 3795
878 3796
879 3796
879 3797
880 3797
881 3797
881 3798
882 3798
882 3799
883 3799
883 3800
884 3800
884 3801
885 3801
885 3802
886 3802
886 3803
887 3803
888 3803
888 3804
889 3804
889 3805
890 3805
890 3806
891 3806
891 3807
892 3807
892 3808
893 3808
894 3808
894 3809
895 3809
895 3810
896 3810
896 3811
897 3811
897 3812
898 3812
898 3813
899 3813
899 3814
900 3813
900 3814
901 3814
901 3815
902 3815
902 3816
903 3816
903 3817
904 3817
904 3818
905 3818
905 3819
906 3818
906 3819
907 3819
907 3820
908 3820
908 3821
909 3821
909 3822
910 3822
910 3823
911 3823
911 3824
912 3823
912 3824
913 3824
913 3825
914 3825
914 3826
915 3826
915 3827
916 3827
916 3828
917 3827
917 3828
917 3829
918 3828
918 3829
919 3829
919 3830
920 3830
920 3831
921 3831
921 3832
922 3831
922 3832
922 3833
923 3832
923 3833
924 3833
924 3834
925 3833
925 3834
925 3835
926 3834
926 3835
927 3835
927 3836
928 3835
928 3836
928 3837
929 3836
929 3837
930 3837
930 3838
931 3837
931 3838
931 3839
932 3838
932 3839
933 3838
933 3839
933 3840
934 3839
934 3840
935 3840
935 3841
936 3840
936 3841
937 3841
937 3842
938 3841
938 3842
939 3842
939 3843
940 3842
940 3843
941 3843
941 3844
942 3843
942 3844
943 3844
943 3845
944 3844
944 3845
2350 3291
2351 3291
2351 3292
2351 3293
2352 3291
2352 3292
2352 3293
2352 3294
2353 3291
2353 3292
2353 3293
2353 3294
2353 3295
2354 3293
2354 3294
2354 3295
2354 3296
2354 3297
2355 3294
2355 3295
2355 3296
2355 3297
2355 3298
2356 3296
2356 3297
2356 3298
2356 3299
2357 3297
2357 3298
2357 3299
2357 3300
2358 3298
2358 3299
2358 3300
2358 3301
2358 3302
2359 3300
2359 3301
2359 3302
2359 3303
2360 3301
2360 3302
2360 3303
2360 3304
2361 3302
2361 3303
2361 3304
2361 3305
2362 3304
2362 3305
2362 3306
2363 3305
2363 3306
2363 3307
2364 3306
2364 3307
2364 3308
2364 3309
2365 3307
2365 3308
2365 3309
2365 3310
2366 3308
2366 3309
2366 3310
2366 3311
2367 3310
2367 3311
2367 3312
2368 3311
2368 3312
2368 3313
2369 3312
2369 3313
2369 3314
2370 3313
2370 3314
2370 3315
2371 3314
2371 3315
2371 3316
2372 3315
2372 3316
2372 3317
2373 3316
2373 3317
2373 3318
2374 3317
2374 3318
2374 3319
2375 3318
2375 3319
2375 3320
2376 3319
2376 3320
2376 3321
2377 3320
2377 3321
2377 3322
2378 3321
2378 3322
2378 3323
2379 3322
2379 3323
2379 3324
2380 3323
2380 3324
2380 3325
2381 3324
2381 3325
2381 3326
2382 3325
2382 3326
2382 3327
2383 3326
2383 3327
2383 3328
2384 3327
2384 3328
2384 3329
2385 3328
2385 3329
2385 3330
2386 3329
2386 3330
2386 3331
2387 3330
2387 3331
2387 3332
2388 3331
2388 3332
2388 3333
2389 3332
2389 3333
2389 3334
2390 3333
2390 3334
2390 3335
2391 3334
2391 3335
2391 3336
2392 3335
2392 3336
2392 3337
2393 3336
2393 3337
2393 3338
2394 3337
2394 3338
2394 3339
2395 3338
2395 3339
2395 3340
2396 3339
2396 3340
2396 3341
2397 3340
2397 3341
2397 3342
2398 3341
2398 3342
2398 3343
2399 3342
2399 3343
2399 3344
2400 3343
2400 3344
2400 3345
2401 3344
2401 3345
2401 3346
2402 3345
2402 3346
2402 3347
2403 3346
2403 3347
2403 3348
2404 3347
2404 3348
2404 3349
2405 3348
2405 3349
2405 3350
2406 3349
2406 3350
2406 3351
2407 3350
2407 3351
2407 3352
2408 3351
2408 3352
2408 3353
2409 3352
2409 3353
2409 3354
2410 3353
2410 3354
2410 3355
2411 3354
2411 3355
2411 3356
2412 3355
2412 3356
2412 3357
2413 3356
2413 3357
2413 3358
2414 3357
2414 3358
2414 3359
2415 3358
2415 3359
2415 3360
2415 3361
2416 3359
2416 3360
2416 3361
2416 3362
2417 3360
2417 3361
2417 3362
2417 3363
2418 3360
2418 3361
2418 3362
2418 3363
2418 3364
2418 3365
2419 3361
2419 3362
2419 3363
2419 3364
2419 3365
2419 3366
2420 3363
2420 3364
2420 3365
2420 3366
2420 3367
2421 3364
2421 3365
2421 3366
2421 3367
2421 3368
2422 3365
2422 3366
2422 3367
2422 3368
2422 3369
2422 3370
2423 3366
2423 3367
2423 3368
2423 3369
2423 3370
2423 3371
2424 3367
2424 3368
2424 3369
2424 3370
2424 3371
2424 3372
2425 3368
2425 3369
2425 3370
2425 3371
2425 3372
2425 3373
2426 3369
2426 3370
2426 3371
2426 3372
2426 3373
2426 3374
2426 3375
2427 3371
2427 3372
2427 3373
2427 3374
2427 3375
2427 3376
2428 3372
2428 3373
2428 3374
2428 3375
2428 3376
2428 3377
2429 3373
2429 3374
2429 3375
2429 3376
2429 3377
2429 3378
2430 3374
2430 3375
2430 3376
2430 3377
2430 3378
2430 3379
2430 3380
2431 3375
2431 3376
2431 3377
2431 3378
2431 3379
2431 3380
2431 3381
2432 3377
2432 3378
2432 3379
2432 3380
2432 3381
2432 3382
2433 3378
2433 3379
2433 3380
2433 3381
2433 3382
2433 3383
2434 3379
2434 3380
2434 3381
2434 3382
2434 3383
2434 3384
2435 3380
2435 3381
2435 3382
2435 3383
2435 3384
2435 3385
2436 3381
2436 3382
2436 3383
2436 3384
2436 3385
2436 3386
2437 3383
2437 3384
2437 3385
2437 3386
2437 3387
2438 3384
2438 3385
2438 3386
2438 3387
2438 3388
2438 3389
2439 3385
2439 3386
2439 3387
2439 3388
2439 3389
2439 3390
2440 3386
2440 3387
2440 3388
2440 3389
2440 3390
2440 3391
2441 3387
2441 3388
2441 3389
2441 3390
2441 3391
2441 3392
2442 3389
2442 3390
2442 3391
2442 3392
2442 3393
2443 3390
2443 3391
2443 3392
2443 3393
2443 3394
2444 3391
2444 3392
2444 3393
2444 3394
2444 3395
2444 3396
2445 3392
2445 3393
2445 3394
2445 3395
2445 3396
2445 3397
2446 3393
2446 3394
2446 3395
2446 3396
2446 3397
2446 3398
2447 3395
2447 3396
2447 3397
2447 3398
2447 3399
2447 3400
2448 3396
2448 3397
2448 3398
2448 3399
2448 3400
2448 3401
2449 3398
2449 3399
2449 3400
2449 3401
2449 3402
2450 3399
2450 3400
2450 3401
2450 3402
2450 3403
2450 3404
2451 3400
2451 3401
2451 3402
2451 3403
2451 3404
2451 3405
2452 3402
2452 3403
2452 3404
2452 3405
2452 3406
2453 3403
2453 3404
2453 3405
2453 3406
2453 3407
2453 3408
2454 3404
2454 3405
2454 3406
2454 3407
2454 3408
2454 3409
2455 3406
2455 3407
2455 3408
2455 3409
2455 3410
2456 3407
2456 3408
2456 3409
2456 3410
2456 3411
2456 3412
2457 3409
2457 3410
2457 3411
2457 3412
2457 3413
2458 3410
2458 3411
2458 3412
2458 3413
2458 3414
2459 3411
2459 3412
2459 3413
2459 3414
2459 3415
2459 3416
2460 3413
2460 3414
2460 3415
2460 3416
2460 3417
2461 3414
2461 3415
2461 3416
2461 3417
2461 3418
2462 3416
2462 3417
2462 3418
2462 3419
2462 3420
2463 3417
2463 3418
2463 3419
2463 3420
2464 3419
2464 3420
